1270
7375
-972
3287
-398
1156
9769
8587
-2481
52
5153
-8242
-1113
-9064
-3010
-5918
2414
-8692
8435
2853
4958
-723
9195
573
-7918
2626
-9953
7132
7202
9525
-3404
8710
-1013
9086
5096
4665
-6212
9449
-2485
-4837
-3151
-7887
-487
-4105
933
9021
-9444
-6633
6325
-8488
4286
-9471
9910
-7790
7860
-6446
-6784
6344
6311
1366
-6813
2147
-251
-6624
1043
-7068
8157
-8843
7793
6714
3349
5235
-5731
9566
1664
-2570
-1048
6302
-4509
-8210
-5807
-827
-4676
-8665
-1585
-6680
-1823
-7214
-4174
5231
2578
9866
-6671
-5016
2037
2889
3591
-885
925
9576
5917
-1117
-2523
7530
7276
2006
-9891
4230
6810
419
3296
-8748
-382
-8219
3868
2407
5061
-7401
7474
2163
-4235
7558
8779
3803
-5269
669
-9502
1638
-3398
7971
-2377
9094
6086
-6225
-8464
-3869
-7642
4279
3613
-2302
3150
-1222
-7384
-1080
9561
8692
-2884
2158
7426
-6432
-570
3882
2505
5738
9690
-6121
4793
-9803
-1672
-9247
-5298
-848
265
-2870
1203
-7835
9839
-2048
-2660
-8737
3300
1790
-6173
4902
4873
622
9226
5311
9184
3081
1021
-6818
-2686
6752
1361
6741
3702
-3178
-6122
5216
-542
-1272
6983
-412
1347
-2633
3530
7979
-8145
237
5652
3697
-252
9002
7682
-5390
7237
-1629
3302
6454
-5302
-2150
-9215
-8154
3443
7288
-6297
-9016
1941
-8446
1264
-4935
3410
9295
-4166
-6576
4263
-8087
-356
-8832
4560
6194
-9694
8951
1183
6035
6270
8912
7865
7892
-5250
-6417
-657
-4314
6640
-4983
-9437
-5042
1892
2126
-4464
7434
2899
-3776
7146
-2704
-8320
-9598
8697
-5970
-8947
-6880
8519
5582
9103
5854
9538
3080
-4081
-8506
9491
-7117
-4646
-5668
-9897
-5497
-310
-6829
9046
-7576
-208
7282
624
-7224
-2962
9310
-1551
8550
-2474
-6145
-7085
2772
1482
-8683
-2754
920
-4434
2344
7888
2067
8545
4538
8908
-315
-6890
-5750
3407
2541
-8030
-4485
2359
-242
6665
4834
-7238
8559
3131
-1285
8130
-1506
1453
8062
-584
-5354
-8509
-7673
-3194
-3026
-5483
-367
-9073
-4504
-2514
4958
8642
9703
-8742
3958
4131
2712
-1383
5788
-1805
-3293
-4123
7948
-3686
7650
6903
3442
2201
-9315
-5584
-3904
-5365
5544
8089
6052
-3374
777
-9342
-833
-7215
-6222
-7300
3047
-9033
-8303
4734
-133
1734
-5448
8039
4324
-3805
-4342
-4175
-6574
-5982
2972
-6586
-7327
-967
-4094
2024
-6457
3986
7757
-2738
-6307
-1643
8280
-8184
6347
-7576
8259
-7527
-1591
7774
-7367
-4832
4052
8687
693
-3432
-6721
8322
-5865
4654
-1164
9840
-5575
7596
9223
-3054
-1823
6326
6007
8764
-2722
-1718
-2809
8508
-9697
-5157
-306
-3931
6327
-2666
408
-4123
1385
308
454
5623
-4565
3397
4064
-1662
-3253
6323
2962
-5559
539
-3499
-1875
32
3245
1258
2557
-9667
-3936
1015
-5865
-8877
-3539
6720
3074
9704
3195
5205
-7392
-401
6860
-1567
4132
536
3664
2087
-6768
-5103
-7442
4754
-8513
582
-9901
5882
-9577
2806
4868
-4952
5303
8303
-7623
7905
-6507
401
-1246
1190
269
9380
-606
890
384
-2781
-7168
-5584
-7759
-9399
4159
9859
-9239
-3372
-7518
8097
-104
-7547
-4852
6662
-9618
-8436
-7527
3857
9877
-8795
4309
-7764
9937
6455
1578
-3563
-7353
-7264
-6344
9039
-7938
-5394
7072
-5697
1040
5142
19
-2625
-8891
-7667
2235
6874
-2245
-7236
5175
4556
9037
-5453
3543
-5525
9758
-8696
5865
-813
-7407
6289
1078
-5751
-5953
-8119
3896
7025
-9219
-55
-4823
7723
-8331
6563
6267
6120
-3532
-6036
-262
-3840
-4362
4179
-6940
7576
-8728
4809
-2621
-3090
-3808
2609
8819
2251
2047
1439
-3910
-4617
6731
8582
7903
-2217
-678
449
-9385
-9902
-9427
-6438
-7293
6766
8272
-7158
1996
-1556
-1984
-3262
8751
9492
-1474
2988
-2083
-1154
164
6863
-3459
-5052
2138
-4451
-6016
-673
-8893
1795
-9346
7736
-7879
-8948
-9777
-2205
4751
-1323
6101
-4699
-7944
8977
-7421
-4905
4124
-9264
-262
-895
3692
-5731
5908
773
1805
3218
5503
-3866
-6408
-128
3320
-1739
3958
8825
5557
-7329
-1603
-2570
-2470
8006
8896
4520
-1459
7882
-7498
5533
7072
-3240
-5653
-3463
3343
-5275
-6333
5464
8063
-952
9338
-8983
-5593
7559
-2103
-4882
-6553
-1428
-354
-6875
4346
8699
-5601
-1419
-9284
-8580
615
-814
-4981
5534
-4610
-4267
5332
-1008
7528
5683
-6103
-162
1914
-8937
1362
6822
2448
-7243
-2555
9891
-5849
4040
1022
-985
850
2986
240
-6796
-7407
3952
6688
8519
-6222
7618
-7089
7019
4637
8024
8480
8620
-1258
-7599
-2867
-5689
6877
-2265
3929
-4700
-4891
8576
8212
100
-4101
9271
7590
5688
-9812
9804
-7148
6215
8321
1163
-3307
-9587
6700
-570
-159
-5774
9767
-2886
4795
-7153
6303
185
-6301
-1223
4144
-3039
-4417
-3417
-497
-4299
9577
7527
-1019
1362
-8461
-3313
-7230
-9607
2987
7127
114
-4027
-8727
6439
-9569
-7962
1974
6765
-5547
7310
-1136
-6133
-8377
-2987
-7049
7729
5611
-9840
-5480
-8440
-1004
5254
-876
-7623
3923
-5743
-5513
-4903
-8634
3145
690
-9209
-4067
7442
-2903
1422
8485
253
1150
-9185
-2287
5184
-8547
820
-2991
-4801
3008
5953
-2179
3010
8200
6308
5263
8596
9323
7800
1876
-4421
-4771
-6801
9975
830
-2990
-2276
3330
-7646
-5473
-130
-9001
-6241
2859
3344
7467
-4614
-9280
3060
-5637
7778
-8611
4324
-3377
-2821
2814
-4463
-6791
-9824
7436
3968
-2886
7281
-6555
2468
4337
-469
2083
-8217
-1017
-9343
9287
3586
-6564
-9911
-3495
-9905
-3198
-1566
6362
3871
7368
-7282
-3052
-1443
-9840
7279
-3639
-3002
-2123
-6514
5487
-9114
6222
1211
-7066
-7147
-4633
9141
-413
-5612
2283
-1282
7768
9527
7684
-580
-5767
9067
-1200
-9590
-8714
3593
9539
-466
4576
7497
9156
-9459
5047
-6293
6683
-5835
8174
-8566
4884
6002
-3846
9731
8820
-3367
7541
4695
-2297
7772
9746
9530
-454
4658
8322
9199
8333
1636
1568
-7188
6356
-1472
8402
9232
8012
8575
2113
3702
-6149
-9960
-5915
6467
-8741
-6949
8715
1698
-6736
9894
-8731
-7438
-6717
-62
-7705
9800
5158
3688
-4825
6521
7103
-6475
1334
-2163
-1667
-2495
9222
7860
5193
4036
7856
3503
-4616
5677
-7337
-4914
-8855
-3472
-6652
-2329
5979
4211
-9252
3219
9973
-526
1606
6324
7409
8986
-6407
7803
-2804
-92
-3707
-5714
-331
-7620
2517
-1758
8533
9167
-4946
5825
5783
-8748
9210
-4863
-963
5708
7815
6305
-1410
3653
-4156
9902
3367
9668
-2314
-6440
-763
7653
3388
-2217
-3716
-9431
3904
-444
-4446
5610
-1157
-3323
-9624
8042
7236
-5224
-32
5013
734
-3027
-8580
-6027
7489
-5474
397
-5300
3435
7496
3285
4817
-516
5077
3374
-1399
6815
9650
3804
-192
7315
3233
-8854
-7215
-2271
7774
1575
-2387
8432
-8532
4881
2887
-6375
-7951
-7156
368
-8862
-8241
-6397
-6699
8553
3477
-5357
-7293
1825
111
1265
-6493
-671
4077
1625
5615
9905
-1822
9063
4560
-6291
-3235
5783
-4181
-7525
-5851
-1439
5243
-860
-5307
2129
1200
1998
-6136
-6790
-9134
1892
3747
6128
-1114
6827
2844
-5906
-1618
-5897
5081
-7871
119
-4196
8765
-2103
8552
8096
-3291
-1421
4490
-2767
9259
-1998
4327
-2274
-5163
-4119
-4290
-8950
-4269
-7067
-8717
-9287
-4008
-4722
-7867
-4686
-6536
-6846
2369
-9073
129
3918
7855
8923
-8253
-8971
5048
-2845
-9444
1390
-6860
6085
-8163
-6036
-3431
6941
5668
7633
-8122
7273
-3123
9469
9660
-8626
7682
-5622
4947
6078
-890
6014
3637
-348
9275
-3456
3015
-3776
4327
-473
-985
-5281
1629
9118
-7437
-9862
-8935
3020
-2927
9159
-9556
3042
-2306
3173
-2887
-8633
-9885
-6669
-5226
5828
689
-7760
9984
-5833
-7594
5473
-4215
-8791
-530
9957
3880
-3610
5364
-7606
3841
7307
4967
-6100
-55
-1966
2733
5565
606
5860
2076
-749
5998
1001
4800
6890
5106
-3566
-2719
-8702
-5071
-3463
7815
6327
-1395
8145
-1384
1839
1264
6031
-5350
7499
8351
226
-2786
-9575
2296
-1397
-1702
6483
4258
-8030
325
314
-7343
-8967
-1168
7523
-2136
-1057
-3011
1614
-2648
7050
3562
-5576
-7941
-5885
5734
-1927
6804
9104
-6105
-1295
-2061
7776
6556
-8998
3097
-5223
-2330
3425
-4473
-1561
-295
-8284
-2175
-135
-6097
2872
-5697
227
4689
5641
-7165
8633
-1605
-9297
2659
5665
6271
5825
-4610
154
-6735
1696
-2006
5669
-7394
-7796
-6382
-7089
239
-4671
3928
5045
-3042
-9856
-4677
5722
2961
7898
6459
8676
6291
4162
-8005
2086
-5754
-3927
7316
2747
-3323
-591
-2496
-5517
-971
-3771
5177
9813
980
3050
1261
4343
-739
4952
-8534
-4845
-4225
-4406
831
-6543
5544
3712
4809
2218
-9757
4230
-4568
1501
-2104
-1120
-6957
5809
-9507
8709
1540
83
-9897
-7081
10
2199
6921
-6837
4870
-8472
-5437
4189
1757
-8355
-8828
1905
4248
2505
7807
6947
-3161
-721
4466
-6113
-2677
4911
8474
-8455
-2688
7257
-6195
6171
3942
8869
312
-4892
9256
-8952
8112
-7521
2754
8054
1528
-1173
7047
-4438
6426
8199
5678
-2810
-9687
9303
2264
8753
-2698
-6580
-5995
-3789
-7781
-6726
7667
7118
6191
-6092
-5693
-8580
7285
5712
-952
-6883
-680
4076
9760
2590
-5606
-9746
3215
5036
-3874
3784
6158
-5337
-8276
-8228
4788
3301
4269
-8252
-2196
8335
-6725
-3055
9790
3199
-1650
-7412
-3973
-2958
-7570
3622
-3949
6505
8997
2776
7719
5903
2076
9871
-3053
-659
9790
-5859
-9184
-5006
-3952
879
-5563
4898
-4756
-9620
-5119
-5109
-1741
-6388
-7573
-3981
7150
-7065
1273
-1030
-5065
-7966
910
4374
920
-6543
2899
5716
2899
3650
-8754
-449
4642
-9875
-6655
-897
4498
9877
-534
693
3881
609
1908
-5507
4601
-3921
-9729
8438
8711
9638
-5190
-2980
5011
6896
2766
9073
4710
-8851
-444
3741
2128
6256
686
1295
8345
5255
-4324
-4167
-5716
1528
1500
-9260
-8578
3531
9280
-2915
5677
-7683
4942
-4764
-6575
1646
9268
-9384
6374
5912
-3231
-6314
-2041
6951
-5960
3618
-478
4378
-2616
-7511
2657
-8087
8280
7152
5611
-8303
4066
-7237
-6727
-7172
-5858
-5673
-8612
-3713
-4485
-9547
-8367
-9324
8432
-529
-4449
-1602
-5936
-3486
9486
3836
-9988
2893
6185
7299
2484
2211
-5933
8783
8686
703
4696
-3421
-3969
6167
-7855
-9054
-4694
-1246
9762
-53
1630
-5070
-3940
4090
3134
-1626
-5727
8113
-570
2681
7362
-9274
-2936
-3825
-8735
484
-3161
9596
-841
-4987
-3524
8369
8566
5077
4813
2136
-8401
-4590
-8061
4961
-254
6370
1534
7578
-1815
-8011
-2348
4260
9619
2260
6001
-2685
6780
-2656
9545
-1645
-2461
1488
9892
-9181
-2161
3389
3864
1768
8792
-1150
2534
5408
3653
-5508
5678
-3214
9687
7203
-1782
-6100
-3831
4537
-6048
-6417
-5338
-3469
-2215
-3073
9068
-7934
7218
7719
-2541
485
4690
-5443
2856
-8241
-9523
4225
-8168
6634
8776
-4464
1416
-5461
1219
6629
1576
-8349
-423
4255
2843
7596
472
-4121
6844
-6855
-9869
8309
-1903
-7272
1910
3534
3480
-8502
-1997
7970
4772
4178
6364
6009
-8074
-5126
4985
-961
-2486
6751
-5817
5089
-3091
-5910
-7166
8172
3684
-8180
-2914
-1464
3910
1288
2203
6867
-1201
-8402
1151
1031
-1794
6089
-6309
1214
1543
9694
5038
-5472
2887
8242
-4209
-6200
6998
5431
-5017
5650
6727
7458
2923
5853
6350
-6339
3214
2081
1424
8534
2456
-5335
-937
4853
-1607
-9080
-2297
-5069
8564
5345
7022
-5025
-9564
6670
7777
1943
6312
-2474
-6846
7439
4707
9433
2075
9434
2378
-1521
-4734
5033
-1123
4942
-463
5939
-3118
9355
-5379
-5416
7747
4138
4882
5658
-1314
-6483
891
-6777
-9016
3662
-8688
-9279
2939
2653
9568
-7301
-3016
-9967
-4298
8673
-7591
9274
7654
-8513
-5475
-9672
5724
6924
-905
8129
182
7868
852
1343
8599
-2430
-9695
8907
-2709
-6504
7263
-6822
4382
7609
-1936
-7567
-9613
9740
-8564
-3830
4978
-2957
8843
2297
340
4817
1615
-2716
6844
7020
6254
7282
9724
-4031
9460
-3046
-3984
6902
-7073
-8356
618
5034
-5019
1302
4431
-1201
6924
9394
-1784
7305
-8905
-5406
7859
2457
558
-8322
576
-6947
-9476
-9819
-6881
4522
-8972
-5252
-2014
2636
6851
-5131
-8265
-8078
-9063
-2071
4551
-2201
-6573
-2288
1020
3885
-654
-9949
-8167
-4522
5736
-6115
2310
-5737
7219
-4416
-9704
4579
-7534
-6256
4871
-8726
-5921
4377
8753
-6324
-5282
541
-7325
-5673
-5361
-577
7301
1649
8572
6010
6802
7244
-5962
1770
-1752
-7641
-4076
-373
-7795
-1187
-4417
444
9680
810
361
4446
523
-4662
-2800
2543
-6260
2452
3083
-1055
5011
-7445
4163
-9348
8539
6599
5191
-588
-9412
335
-2102
-1955
1753
6804
-8459
1641
2249
555
5385
5412
-8825
5402
9795
5619
-4525
-8543
-7554
7832
-2287
-6106
6967
-9280
8764
-2074
4093
6294
5707
-417
4906
-7701
1282
777
-1829
424
-2648
7929
-7063
-6884
-816
3138
6106
-9081
5030
-416
4627
6458
-8132
6919
5760
-2850
-2987
-557
-8152
-5133
-8163
-8705
2895
1362
3631
613
-7486
-8221
-1478
6649
-6173
-9537
3762
8361
-5937
5962
632
7323
1029
8923
2289
-8166
6646
5950
882
5799
9835
-2231
5164
-8775
-3135
-2690
-7810
9996
898
-9768
-6464
-2850
-9692
9646
-2616
-5256
-7798
-9840
6553
6050
7596
-6437
-2974
-6627
-4520
6219
-9864
6025
7640
231
8831
-6671
-4035
-2613
2869
-6723
-6788
6479
9810
-6403
-4896
4291
1381
6236
-7669
-1458
-5976
8362
-7420
9164
-442
7463
9539
-908
-512
-4021
7281
2535
1547
-9706
4486
-2881
3396
-8997
5859
-4301
-9121
-4886
-7587
-3553
-7826
555
7833
9551
-2740
-3347
863
-2187
219
-2430
-7511
-6781
-7851
-4414
-2265
9087
-9939
-616
4329
3215
4449
7200
-4655
-2545
7713
-6333
8554
5899
-7704
-2354
-4969
-4882
785
-3664
-9745
6640
6704
-6808
8369
4811
8710
-9584
3933
-601
-1544
-1949
-3591
1991
4863
-3729
-9358
4588
-9192
939
-3868
-7846
9578
5759
5228
-6433
539
2117
-401
8664
7524
1666
6091
496
-1560
6025
3716
-8296
-4938
5339
-80
2481
-4230
1059
-115
-6985
8551
-1031
5306
-8736
-3643
-995
7879
-3366
-2461
7400
-9364
-7911
-4487
6707
2338
-3448
1911
2656
-9935
-3130
9839
-167
-2694
-7752
-6966
2685
2786
-7541
3500
1457
-2575
5384
8297
-448
2994
-9264
-5213
-4308
6238
7325
-351
8953
-9426
-5894
-5262
-8968
-2
-5006
-1141
-2786
-6331
3277
-2834
9512
-6572
-519
-5994
423
8192
-9518
4909
6315
2433
-4831
-2206
-2008
-9594
1372
-7539
-2397
-5908
8536
-333
8998
1281
-2493
-361
6939
-7656
1885
9550
2089
9263
2968
-7057
1491
-4443
-6701
-3012
6597
-3857
9372
3236
-5177
-1032
2220
4273
-7978
-3930
3205
1197
-6765
2357
-1139
3799
2512
-6547
-7796
-8396
3775
-6888
1446
-7548
6038
-6819
256
-1752
2176
1426
-4489
-2830
-4260
7804
9475
-7328
10
7822
-9904
-4797
-5755
-8795
-3436
-6233
-7045
-1029
8502
8784
-2609
-8468
-8617
-4497
393
1497
-8826
994
-101
4024
6453
-2439
726
7688
-2850
8851
-2533
-6266
4048
3260
-7058
7510
4059
1553
9500
-2264
-6970
8258
2008
4758
-1462
-6150
3031
-4607
6755
-9445
-8330
-8160
9579
-9277
-7848
-3051
-1615
3713
-5180
7300
7564
8726
-2033
7580
-1518
4996
2577
2181
-7333
-6664
-152
-2894
-9452
9359
-5645
5169
-1391
6398
-5375
1727
4073
1787
-3193
1274
-9479
4446
-9982
-2414
9320
7911
-7681
6472
7496
-413
3453
9823
8435
480
-7341
7000
-2925
-2073
5837
-2543
-362
4570
-6155
-2808
-1056
4002
-3048
-8484
1519
8710
-3692
-6829
4103
-991
950
5671
8524
-515
-7078
-3587
-3470
-8476
4465
-2939
2771
-3168
-1935
-419
-1751
7522
7172
7987
55
-475
5363
6026
-4018
-4008
2790
9593
9964
-7266
2378
6552
-5647
-464
-2520
-3740
-4360
-9385
-47
2562
7933
-1520
4892
4947
18
9702
3737
5304
-8683
7632
-1997
7305
9144
3268
2423
-5252
1205
-9115
3894
-1599
-3007
4059
2848
-1729
-5877
-4972
4685
-7938
7255
-6165
9720
-9490
7135
-7638
-571
-1845
-3799
4464
-446
2184
-1985
9187
-5052
-3297
550
165
4289
7103
-6255
7256
-5415
9948
8274
6402
3728
4746
5262
-4854
998
-6445
-6351
-7972
8941
-6024
-4941
-4496
4997
-8405
-5618
-2848
4978
-5043
-1876
7744
937
4636
3710
4236
-3044
-2935
-1005
4830
-5065
4190
-6831
6881
-9852
-9097
9120
5175
3933
5131
1745
7707
-8123
8405
-5929
8242
-488
2919
6453
-6485
-5564
6622
5457
8465
-5407
7461
3122
1623
4055
-6315
8260
5444
7395
-2901
4110
-4668
3144
7452
-5853
-383
7559
9712
5497
-8873
712
-4629
4733
9873
9256
-3581
-8156
6494
-9195
2163
-3980
7114
5055
1136
2832
8931
6430
3250
3759
-1784
-154
-6102
-8736
2472
-2017
-4523
-8538
3604
8038
-3414
2380
-8213
136
3516
7060
3634
-1937
-2146
-5045
766
9345
9391
-3805
-2412
-2119
-4168
-5798
6971
-992
7056
-7608
8526
217
-1648
5920
76
7560
9476
1439
577
9093
3548
7423
6220
-5012
5924
9401
7391
-4225
-2992
5117
-8245
-6341
-1869
-2605
-2741
-8690
-3295
9469
8152
9678
-4986
947
5079
-7247
8152
6972
-8838
7297
3348
-132
-9580
-1600
-5430
5580
8953
6656
6476
-3352
-8011
-6267
4042
9266
-1455
-4036
2089
4044
1556
-6022
6743
129
9408
-1657
-4
-6785
5470
-8641
-176
7528
-3767
-1790
5645
7046
-9578
-9407
-268
9802
-5315
-104
3966
3719
-2457
-3391
4331
-6603
3854
5947
-5259
-5218
-6207
7413
-3488
-468
5539
6989
5354
-8692
3490
-569
-12
-1463
-7503
-5737
-7007
-285
8296
-4191
-3202
9516
-6887
-7422
-6266
6394
-539
8323
-255
7454
2207
1866
299
1146
-6140
2568
4580
-8010
-4110
4716
8794
3378
-5898
151
5430
-9407
4471
-2702
-3169
1310
6730
-7253
-6422
7438
8989
-6413
5803
6685
-9216
4140
6951
5400
-8757
-5093
-3937
-4899
6383
-9511
3476
-101
-3985
-9500
304
2574
5832
-9891
-9102
-6895
-7339
-2408
250
-6917
4077
-1491
3303
2844
-2565
3641
-2847
-9548
4290
-4927
2706
9896
-3844
3114
3617
2222
-1905
675
5980
1592
8769
577
-8403
-8730
-6819
7360
-1671
-5859
-4086
3419
-8569
-4765
-3166
-9398
3411
21
-5668
-2052
3697
-5543
-4575
851
3328
4092
-6669
8618
5850
4371
9707
4363
-7163
4607
-262
-7121
-8517
2517
1798
1246
539
1991
-8742
4172
6340
-687
-334
8927
483
2424
7786
5040
-7385
-175
2994
-7575
-6181
-9924
-3075
-9711
-9743
5698
-3606
4663
-8817
-342
6937
-3838
-5667
-7976
43
-1445
-3060
3157
9594
9104
-3206
-7992
-3936
463
-1748
-2083
-9042
-2556
7948
-4322
6669
725
-6316
-9606
-1481
-4792
-1511
2936
-7660
300
-6254
290
6915
-357
1066
-2911
3377
7016
-1660
7873
6057
2498
-3381
-9605
-9053
790
-5030
8342
7684
-7166
-2106
7820
3245
6764
2677
-5004
2709
-5773
-5855
6824
-4297
-4917
2122
-7575
3428
9714
4614
4808
9168
-514
3115
1507
-3175
-2592
161
7204
2790
-2859
-8314
8896
-48
8789
5889
-3186
1756
6176
-2067
-1064
3971
7451
-2572
4257
7696
-7997
-6915
-440
6714
5845
7977
-5971
1714
8759
3595
6281
-1482
9857
7423
-7122
-4331
1666
8707
3664
-6419
-6087
-3189
1299
-6209
4285
8990
5484
1858
-5274
3648
-9188
7555
-6084
7990
-1984
3134
4939
-622
6742
-4204
-402
-4532
3381
2010
1195
7347
3925
2238
-9057
-3411
-556
-3939
2332
-6408
8309
-9264
2530
-2171
-5822
-178
3581
-2803
-3809
-3972
-2945
-131
-5733
2142
-1707
-3777
1051
-346
387
7744
-1278
5012
4737
-9895
-5646
4134
-5094
685
-8058
1794
-6724
-8821
8856
4812
3084
-5916
8953
3215
4841
6703
401
9872
6885
2978
9115
-9783
7504
3849
-3375
2299
9231
-504
-6190
8043
-8064
-5363
-6974
-9338
-458
7731
311
6536
-3250
8324
-8011
-7498
988
-4625
-3791
-4904
5687
6113
-2805
-6083
-305
8658
9046
4959
-5838
-337
-6064
-4112
3932
5758
5271
-8662
-9633
1948
3708
9382
7420
-4911
2732
8932
7930
3724
1826
-2117
5388
3030
633
-3934
3864
5593
3596
3442
-1372
-7692
4657
3667
-3775
8026
4604
-4170
-4409
-280
-9310
-7461
-7249
-7239
3881
1761
9038
538
3165
-7684
7933
-8233
3461
2731
8825
-3986
-5177
7233
-4538
6583
-181
4996
-1603
4946
-581
6431
-123
1316
3188
6102
-7451
6191
-8500
999
-6315
7876
-1893
-6979
-8979
-3609
7816
-4748
-3604
7940
-7340
-7504
3357
-6774
247
7975
-5924
-9970
-1016
175
7180
909
181
-9743
-5715
3066
-6642
-8006
2039
-4063
4360
2698
-5371
307
9376
4272
714
7999
-697
-1
2655
3674
-7039
200
-2351
7455
-7452
9117
4109
-2457
1455
-2352
5722
-4665
-4885
-9806
1251
-2048
-7831
-714
1893
1235
164
-2205
7838
694
-2156
5199
956
-9420
2841
1501
6624
-4287
1676
-7765
-1824
1242
-2518
1078
-5467
-1175
-4795
-3989
-7862
-7560
-581
1380
-5973
3681
-6
69
4816
-5362
-2372
1680
-941
7430
-5148
-5869
1400
1259
4297
-4133
2041
4851
-8008
9644
6612
-4536
-9898
1517
8422
-92
587
9437
5840
-5287
-4230
7840
-1326
3592
5758
-4036
8682
1207
1926
8920
-9397
7053
-2586
7639
-3275
1036
4634
8979
-7649
616
1814
-2557
-1760
-9437
14
7784
4550
-1885
-162
-2249
1292
-5402
9316
-3665
8584
1697
-8199
9425
-8554
2213
578
2288
5772
-5941
-3467
1504
105
-1399
7602
1295
-1068
-3624
-9740
-9395
3044
1997
8561
-9635
-5653
-2681
-7840
-7938
9543
-7771
379
-643
-7206
-6754
185
-730
6676
3577
2262
5207
-1154
9344
9604
6122
-9046
2367
-8418
7135
4433
-7506
-3099
7193
7758
-5614
7875
-1441
4156
9386
9673
8545
-9651
2200
4147
394
-7913
-7675
4617
1887
-7736
-6433
-7507
-139
8887
-3579
-463
-3348
-1038
-6580
-6172
9286
2963
6123
3545
-6423
-3170
9147
1623
8761
9250
8331
1928
3828
-5136
6611
-1810
-2410
6320
-8967
2635
5232
-9370
-8614
-5190
3616
-5787
-1941
-9810
6541
-9588
5651
5558
-7618
4443
-2992
4117
-1867
-4527
1582
-767
3207
4019
8527
7369
-2180
4015
-4231
7309
2145
-5410
4596
-7314
4660
-4927
-71
-8049
8669
-3960
-3873
6017
-2498
-6292
-5188
4317
6108
6235
-9931
-9629
-9311
4236
-4348
1671
-5100
5969
-6523
-6054
5498
-6476
-9125
-1210
425
804
3439
-4839
-3837
9365
5716
-685
-7715
4943
-878
-4179
1555
2837
-8143
8955
-4725
-6588
4697
-6773
3108
3254
7142
2065
-8526
-4887
643
881
3169
5233
-4215
185
-2710
-2933
-1703
5666
-1091
-7113
4448
-6719
8728
9641
7693
-1733
-2925
-4288
7028
5475
2040
-3834
-8715
-1033
-7271
-7761
9835
6061
4598
-5470
3944
763
-5978
-7460
-1328
3676
-6559
-3351
8699
3246
4540
9457
3740
4175
125
2859
9229
7178
-4285
-6376
-7554
-1864
-5668
1007
915
9506
-3281
-9908
-1986
4698
-4718
-8773
3727
-2597
1699
-6449
9238
8384
-4333
-4958
6965
3921
4484
-4966
-5019
-5173
9813
7109
591
-7240
-8089
6963
6444
-7706
2563
4841
-8494
-2052
-8206
5869
-8812
-7536
5627
1283
3904
-5604
-828
-4469
-4405
-9116
8614
5297
-2188
8841
-3128
-605
-2694
5834
-542
8141
9879
-3171
-4655
6642
5884
-9264
-4872
217
7279
-1429
-1891
-7274
4670
-8430
-7347
1475
-6812
1460
-4740
6044
8351
6658
-3104
9712
7589
2095
-2580
-7789
2392
6634
9430
5970
-6723
-4045
9210
-8852
6920
-3763
-306
-5234
6062
-6883
-7151
5962
5380
-2601
-3278
-1243
-4522
32
3547
4243
2450
6046
-5852
1286
4984
4950
-6461
7560
6517
7275
6754
-9264
9637
-9733
-9068
-2500
3484
8283
1098
5225
9613
4651
-4992
7663
8191
-2586
-9942
-3035
9886
343
8200
-9919
-3338
3681
-7405
-8003
-308
-6266
-3339
6214
2497
9676
-9199
-3984
-4721
-7844
9057
-3550
6745
-7073
-7123
-8501
-7544
-7727
9311
-6909
-333
4332
-9538
-2199
5321
12
2763
-7565
1223
-6333
8207
7289
-4011
-5206
8872
7496
-2660
2412
5450
8025
1483
-4533
-8023
6682
8924
3547
-1488
-5529
-5968
1791
8980
1221
2660
-1532
8732
-6569
-3645
-4664
9027
6252
3580
-9550
6914
8451
1176
-7599
7625
9599
6191
-7842
3992
8088
-6587
-6975
7979
4187
8471
7040
-8824
-1091
1506
-8030
1734
-5177
9457
-5815
9881
-7918
-5822
-4342
-3673
-8896
-5617
869
-1463
8440
8127
9082
-4247
509
1455
4645
1359
6657
-5803
-5071
1593
-8579
-9154
3545
548
9903
3892
7859
-5672
8723
-1250
-2708
3253
-2950
-3555
-9205
-4479
-9888
8409
-7043
-2465
-2792
-4003
-5643
8305
8726
-5971
4366
-1050
4425
-2447
-4320
5097
-992
-619
9225
5890
828
6489
2689
5193
-3759
2648
-5488
4451
6325
-5012
3030
6813
209
9858
4149
9123
156
-9421
-8381
-6418
9305
2538
-7802
5771
3600
-6522
3335
2352
-8760
593
-2696
-4709
-4052
-1592
1711
-2440
-9549
1487
4291
-5370
7447
-2179
-3651
-7643
-8659
7599
8274
-5612
6054
8841
7016
3206
-3836
-9169
9879
-5591
-8336
-9708
-4797
8743
-1539
-7401
7686
864
-3338
-8321
-7826
-8226
5928
-3101
-9416
3759
-6348
-3659
-5642
-8208
-4316
-2389
163
-5029
5590
3059
-296
8001
2980
-9007
-4829
-5767
-3113
2776
3088
-1586
-6275
4998
-373
5268
5187
1960
-2704
-8645
-7885
-8420
-7094
1326
6337
-9521
2320
-8256
-2549
-7043
1514
-9601
4321
-6523
-9009
-9666
794
-371
2574
-145
2814
-4766
-4420
3909
-1963
-3883
-7235
-3204
9168
-4459
-5755
-9375
6420
8693
-1525
-2722
7967
5615
-3766
-6528
-6614
7889
1745
8511
-6785
69
406
-1179
-8010
1336
2026
-8692
215
-1972
2233
9748
7378
416
-8107
6809
3519
-5233
-4004
-9566
-9256
-7034
-4160
-4718
-6792
8512
5471
4802
-245
4072
-9059
9729
1179
-6630
-9714
9344
3137
-4477
-8974
6166
8753
7849
5591
3498
2994
-9608
-9458
4421
-9984
-9181
-6475
5788
-9078
472
-9111
6517
-2302
46
8375
-2676
6725
-2365
6611
2855
-7048
-7547
5967
2631
2824
4440
3324
-4884
1303
9029
-2295
-5962
5802
8239
1278
-6975
-1104
-6337
-7294
2711
7132
-6194
8783
-4136
-2702
-4429
9357
-3856
1667
-8465
-392
-4807
4638
512
-4361
-6926
4197
5773
3108
-267
1173
690
-8049
-2016
3447
9075
-8045
-9151
-8901
-4518
8572
-550
-5735
7238
-6254
7440
7462
3766
1728
279
1861
-4759
9000
591
-4806
5609
-944
-3103
8957
-2397
-4865
9352
4604
-192
-7355
3909
-9591
6857
7679
-5726
-5310
-6224
-940
-9311
-5166
2678
8512
4624
-1477
-3688
9454
-9021
4029
4900
-5358
1952
2481
-2517
-138
-3763
9300
-2062
-4586
-7820
5084
-2589
9347
-7277
-9928
9085
-4483
-6474
-7874
-3207
4668
-4960
-8743
664
-3700
-2082
2682
6094
9945
-7654
-4092
3968
-3686
-878
-676
1026
1859
-6897
-8894
3446
4192
1302
-4547
-2849
51
-6937
-768
-6656
8111
-9888
-4029
-3488
-7455
-4094
-1253
1689
-1000
-3205
-5060
3952
-8780
2585
4367
-286
5094
-6612
-8573
4907
-8894
4127
-8194
1510
6812
-3790
-3426
-4410
-2827
-2383
1815
6209
-9484
-7585
9461
5509
-2063
-5684
-7585
-1146
-7623
-1588
-9079
7378
-6207
8486
2690
-26
2934
2116
-328
2797
5392
-4439
-9541
6142
5914
1047
4470
7137
5152
7853
8066
-5139
-5535
-470
-7264
-1236
-1921
2593
1852
-2149
-6168
-2170
2112
6483
-5687
-8320
2238
-1760
-4192
1912
-702
5286
-7750
3873
6349
9819
784
-8707
8169
6714
-1348
1792
1784
4495
-5012
3102
-239
-3179
-2822
-9475
-9759
-7083
5199
7156
-8640
-6246
-9744
-6486
-5866
-2575
-5321
4751
-9819
-3715
9639
-1471
-4311
-7473
1109
-4376
-1698
-6696
4113
-9550
-8662
7168
5760
-2425
-4983
-5840
-3929
-1830
3384
-7741
7307
-9586
5150
-7868
5575
566
-5650
-4843
4077
6028
-2218
9589
6376
5068
-6825
-4035
8130
-4200
-47
-8449
-7974
4140
3967
-7025
-3431
5524
4494
-5766
-6618
-4637
8398
4885
-8062
2558
-7721
-6573
9414
-1355
2952
1096
7485
-7030
4745
6407
6234
9640
5142
-9195
-3361
7012
8067
-5451
8863
-1231
2050
3679
9109
-6158
-1811
-9115
6157
-9218
-5125
-7700
5212
-7031
3883
-5792
8076
-9776
6239
