4372
-1606
1953
2383
-7389
1505
-6464
-692
-8629
8476
6902
1299
7705
-2559
5448
9672
7233
-9729
6057
-9291
1194
-8204
-6013
-2881
-9515
-7429
-5531
6579
4512
4489
-760
-8918
-7691
7151
8715
7505
-7871
-558
8562
-5028
-6367
-6634
9375
7436
4364
-3555
-4849
-6328
-9206
2122
-9282
-3208
8024
688
6205
-9859
1959
6536
4982
-2893
-9469
1031
5147
-6649
3000
9614
-5481
2208
-4427
-2975
-4559
9236
3760
-4012
-8008
2103
-2396
-6399
-9902
-3887
-180
-5095
9205
-5228
3262
9230
-1342
5040
-7908
7105
-66
8190
4110
306
5234
1725
6508
-8319
-1552
-8232
-548
7918
1457
-9243
-9446
4184
-2654
-4812
1762
-7940
-2507
1163
247
4798
8059
-7834
3495
-4904
4083
7353
-6215
6322
-9661
2762
-7847
-992
-9618
-2872
-9886
4376
-7542
3847
-5236
1082
-9362
6761
-6157
5487
-2961
-7077
-2578
6676
-3147
8883
9851
5626
-1183
-8253
-9305
-4738
9452
-1163
-6442
1721
-6941
5207
7491
-489
2547
4070
-7951
3857
8298
5245
283
-726
9069
9117
7887
2003
1257
5193
-5870
6952
4973
1293
-2707
1855
1017
-8540
1873
6855
-3800
8976
-9475
-8182
-5676
5234
9547
-8534
6671
-2377
-8088
-7123
-2822
-7646
1306
-5318
-130
-2935
-852
-452
3508
-8508
386
5949
1797
8380
8093
-3771
9777
-8662
-3061
5893
-3510
9578
-2394
-1924
-8343
2516
2192
-3969
-5164
-6660
8166
-507
8135
-7109
-9496
4843
7873
-1617
7574
-2529
6864
-6643
2536
8523
-1436
-1629
-7192
1980
816
9404
1772
3350
5025
-5195
-1278
-4999
-2622
7365
-6820
2648
-5791
-2296
-8517
3695
-7439
2818
1460
-5552
-7229
3592
-2856
-2607
7077
7955
2531
8845
-1665
-8298
-5795
-1379
6991
2074
-8318
-7001
2269
-6373
-8264
-8208
-3125
1593
-1898
-6407
-797
2623
898
-1933
-5535
-4078
-8269
-5374
9555
-3781
-7886
1999
-2487
-2006
-9540
8237
8225
7272
-6570
-1520
6750
-7156
9169
4021
4847
5514
9599
501
-7884
4542
9047
-277
-4343
-6250
6254
-2314
6164
7135
3122
1675
1170
4197
-7975
443
-6703
-8683
-1056
-2705
-6442
-5084
-930
7781
-5734
-1530
-3498
-5050
7413
-3762
-2491
-8737
-4869
3872
3822
8672
-6325
-2951
-6474
-5451
-7579
-6643
23
-7829
-9565
-1946
-1891
8020
6975
-2678
9477
3271
9534
-9734
-4585
-3528
8817
-5834
9093
7164
-1044
-3456
-4931
9633
4010
-7115
2543
-8303
3837
4893
-7380
-7340
1950
-1917
6024
2111
-3277
3268
-4658
1382
-5811
-3705
4297
5335
-6975
8521
7686
-9223
-3276
-247
-7100
6600
7920
-8885
-8966
-861
5099
6729
-3293
-7434
4407
-8654
-211
2290
5191
9746
-9844
379
7454
6230
1277
4434
-1631
7062
1127
476
6334
-7533
-1260
-146
3120
-3289
-9721
3588
-4839
7812
-3463
-7621
3771
3766
-9761
-7493
341
-3076
-1125
2929
-7639
6116
-4123
-4967
-4048
-3140
-7899
-3140
-3956
-1884
3381
-3939
5097
168
3118
-3763
-4836
-8902
-6021
-4819
-6509
-7063
5592
-8854
-6089
-7864
8456
-1835
6283
-8467
-7403
9610
994
6162
4672
-7651
5056
4578
3963
5735
-190
-8722
940
1751
1138
-5627
8835
4737
-6760
3442
-254
6357
2115
-5681
-2402
6966
2158
9187
6500
2006
-6766
2502
659
-5071
-7587
7261
4456
-1011
-2042
6546
2002
970
8347
1739
1900
-6507
3876
9704
-4559
3845
-3771
-7790
935
-9162
-8633
-8692
3547
-3781
-5738
-524
1318
-1241
5289
-3309
7341
2729
367
-9391
8329
-8192
-5129
-411
3320
-7194
6954
5881
-9920
8425
1668
4236
3534
4648
-7936
357
-1023
-7021
-8426
-6967
4381
-4857
-6335
-6430
4492
-9241
9778
5261
1244
2803
-3120
3900
6580
-1673
5688
-4977
3317
-6135
-827
544
7919
-6912
-8117
5765
3478
6373
-44
-471
2597
5398
-6728
7281
573
-6488
-2042
1253
-6485
2058
-4750
-7961
-3033
3470
8346
140
2527
-9775
7432
-2715
6937
-4536
-6635
1014
2903
-3891
-2618
-8496
-3754
-1427
4595
-7865
-8030
-3506
2277
-6954
-9685
-3650
5936
5472
-4876
800
7473
8939
3587
-9320
-6925
1891
-7438
-6487
1018
480
7640
-8658
2307
-1488
2742
5126
6232
-5651
9934
-5246
7825
9122
-7603
2243
-8039
-9809
3196
-6819
-7963
8881
6262
5228
-8023
-1591
819
3271
-7869
-8635
-9296
-1543
-8678
-950
-5628
-8224
-4530
-2696
3831
1769
661
788
-618
-1707
-9397
-8880
1692
-6764
-4186
2401
410
-5684
4966
-3251
1847
8389
6174
-1428
423
6852
5565
4177
-209
6947
-6466
-7936
3587
-2938
5419
7484
-5131
6975
4051
2156
4539
5824
7404
-2051
-8011
2009
-821
-9163
6356
-2408
-1768
-3393
2396
5738
-7421
-9631
1490
1313
6572
-907
-9719
3454
5796
7902
-4543
2633
-670
-8873
4643
-7022
-1938
9088
-8633
-9443
4088
7436
9448
-4371
820
695
4931
3504
-2025
3636
168
-1199
-9447
-4930
-6380
-5389
9564
-696
-6097
5386
6566
-9282
7639
-8114
3967
2442
-5262
984
-990
-6708
-5508
1394
5253
8555
-39
2188
-5326
-2580
-8170
-8072
6167
-2318
-8644
1683
-5167
-3420
-7067
4716
4184
-2195
7392
8336
-1262
-2912
-2722
-627
5695
1474
-2075
-9634
-8788
8547
3638
-3995
-4395
-2764
615
-2183
1232
3535
-673
3531
1225
-384
-4556
-8949
-2772
4384
2285
5377
-9625
-179
-7542
-4069
9089
6162
-7476
7194
-575
-2241
-6390
-7871
-3976
7789
5674
-8141
-9415
-4039
2626
-4840
9611
2042
7482
-4043
-3872
-1202
7907
-563
761
-8753
-461
2003
2496
-4259
-476
5790
-4429
8620
-8674
9434
-8079
-3738
-3066
897
-5927
7086
-9367
-815
-1086
4591
9983
8896
2688
3407
-6274
-3028
1430
1403
-5052
-909
-3100
-240
4051
9378
5516
-2322
4014
579
-2129
8298
-6833
-180
3952
4113
-2584
710
-3123
6455
5625
-723
-3720
8802
-473
9955
-8885
-6253
9212
-5901
98
2959
-8066
7474
-9129
7858
8263
-913
6740
7086
-9166
-2592
-1744
-4664
5578
-2566
6030
-6813
9785
5523
-8472
7030
2432
8731
-1681
9300
-1697
-5331
6612
4470
3465
1083
-7027
-1787
1646
-7962
9746
6095
-4123
8100
4105
-161
6485
-7147
-164
9544
8595
5415
9763
1011
5929
4702
4977
2394
5978
-5694
8094
2014
-6220
6839
6997
6911
-4565
5295
5534
7401
1095
-6852
1425
-8988
7548
-3945
-30
1218
5792
1041
6291
-4236
-4296
-8528
6262
-8878
-1070
-5750
9268
8708
-9422
-1246
9428
-4986
6619
8456
-9279
7111
8183
6579
-3066
-7004
-1897
-2412
-3506
-1805
8946
-5190
-4505
-8733
2834
9116
-60
5415
-1129
1329
-3769
-9504
-845
-1398
-4164
-6125
-4992
5882
-2126
-6437
-3255
6552
7914
-7827
496
7400
-8747
3604
-291
2094
7882
-47
4411
-3617
-7948
4912
-5659
-4309
9797
-2833
3329
8880
-3054
9429
2793
-2956
-6319
3898
-3527
-3715
6243
3317
-3611
-5320
2054
-4392
-2325
-5400
2506
-5409
-3872
-8119
2153
2027
-8218
-6618
-3116
2939
3004
-7887
2532
7320
-6878
-1808
8472
1395
-9163
-5699
6527
-4462
-3369
-3002
-4746
-5284
5100
1133
-5889
6601
1776
9812
6453
7574
7405
-811
992
5612
2876
-5669
-7830
-8830
3084
-9588
6293
1360
-1651
7149
-7300
8362
5613
-5244
9209
6583
3091
8484
5953
-2101
6750
-4640
2716
-2529
-1026
-8332
-5928
-6979
6198
-2040
-5644
7930
5739
-293
9791
-3159
8037
8022
5568
-6081
7931
9962
2230
5632
8361
-1165
-5619
9081
-196
-6554
2087
-5190
9529
475
-2499
5095
3552
-5716
6364
6375
-1926
-5623
8050
-5721
8732
-3165
-6868
485
-9299
-4234
3784
7274
-4985
-9156
-1115
9333
3676
-8294
-281
287
-3300
2619
4028
-9295
-7172
-9346
9331
-3320
3394
7395
-8551
-2827
-5072
-8883
1476
-9845
-5833
8624
7097
-6873
397
-5888
643
-3612
-5668
638
-9990
-7913
4665
-6093
-2645
9859
8244
-9248
7390
-1732
2927
1740
-4918
-4279
2308
579
-128
-3130
4025
6960
-6924
3480
5088
-1878
-2766
-9787
6799
2042
-77
9559
5979
-4313
886
-8093
8470
6720
-2266
-9803
2427
-6245
5025
-473
-775
859
-4965
-8899
4194
3761
-9204
6249
8194
2533
-1528
-8915
-8393
-4446
2832
8740
578
-3492
-1568
952
462
4746
-6315
1767
-501
5628
8395
5381
-8481
5555
5502
9153
-5157
-5139
9933
5460
-1976
-6720
142
-8138
-3049
-2012
-5485
-6386
8909
-9227
-2104
9272
-5678
-9412
7974
-9074
3178
-9271
-5230
-3290
4077
1400
3681
-7833
-1794
276
4055
1593
2983
8265
-1270
6592
1099
-7872
9912
-9897
-5065
5740
-6056
8887
-9551
-5059
-3816
35
-9387
120
-895
5222
-9745
-5845
-4525
9773
-4364
-4139
8961
-5191
-924
-1048
3497
5539
-129
9427
1660
1184
5980
-7825
-736
8456
-3719
9820
5687
-4500
8747
3630
-3032
1235
-8534
4623
546
-8558
378
-5549
-8973
-5319
3247
-1995
2183
-4520
9075
-3110
9487
1261
-162
4757
6986
-6916
8195
-8810
5412
9069
-2684
3040
3602
2039
8550
2070
55
7098
9873
4513
9829
5757
9823
5668
4286
7822
316
2782
-7385
-5195
4232
4610
4215
-302
3380
5126
-3285
6131
-7953
-4031
-9893
-4923
8290
9729
7988
-1565
3393
-7022
5865
-5888
-1373
731
643
-2453
-7463
-2035
8163
-4546
-5506
-8249
-7895
5576
-1492
-7363
-5448
-1890
4422
4492
-245
-3520
9571
1506
-5149
243
-4476
-3255
203
-2894
2195
5677
-7620
-5193
3191
-5688
-8678
-9828
5422
-1517
79
-92
-1548
-3826
-1413
-4513
1000
-3468
-960
-4792
9406
2425
6228
-4722
-489
-1818
8056
-2638
2731
2912
-5908
3439
-3670
8052
-954
-6635
395
1027
2444
2939
-3461
1068
3635
6940
-3158
-2426
-8096
8195
9837
4712
2171
2522
5597
-7558
-3285
-8244
-4395
-8284
-5369
5653
-708
4680
7938
-1009
8417
5770
6752
-6815
-8960
6202
9864
9887
-6812
-7478
-8089
-9861
1052
-6427
7621
1322
3890
-4899
-4607
4911
1357
2700
-4019
-8987
4898
-2183
9702
-2054
-8342
-9995
-5189
3114
-8339
-167
-9665
-2768
-463
-853
3992
776
163
9090
-2933
-6649
-7811
-2434
5549
-1611
-4869
505
5951
-7063
9121
-6604
7705
-6694
650
9883
6554
-6743
3171
2335
752
6743
-790
9823
-802
7995
-7977
-91
6595
8268
9270
-7456
4335
6406
-4501
7379
-1455
-5159
6906
8986
9607
-8213
-2708
6398
3582
-7925
3399
-9652
-4419
2543
-7601
-9035
9109
3868
4850
7937
-690
-1540
512
-9206
3735
922
3244
-6995
-2350
-2684
-1996
8724
1816
-3585
-5598
-2060
-192
-5797
-4126
-7357
1547
-9695
702
-3297
-1434
2761
4473
-3586
5230
8413
-2441
6868
-7528
-8528
-9356
-832
-8486
2767
8693
-2060
4
-1842
-833
-4207
2568
-4296
9736
9926
-3568
-7986
2581
4721
-1901
2171
4681
8726
-2970
6831
3378
-1875
-9129
2838
7373
-17
-2086
-1611
928
-1008
3218
-7733
-9318
-4382
5099
-3560
2026
-8353
-356
4239
-9838
-1983
-4437
-7569
3864
2990
-8304
6557
747
-86
9718
-5545
2715
4880
6757
4296
-401
-8937
1956
754
5986
333
6779
-7773
-193
9251
-9845
641
-4423
5959
-2608
6610
-9164
-4860
7132
-9414
-9424
-8052
-7944
-9764
3485
-1490
4107
7696
-1868
-9372
6426
8472
1948
-5758
4
-9019
2569
-6145
-9695
-4596
3929
7959
2942
-8966
9039
-2276
8057
-4091
5768
6187
-7965
2288
5370
710
5682
-5884
-4657
4485
-8373
-9093
-7951
-9185
732
4831
-7116
3853
234
7183
6777
-2814
4279
8092
-7631
-6901
5100
-4490
-5605
319
-9130
3198
-3206
1085
-9812
-3663
1327
-4051
-2430
-2833
-1422
2884
-6012
-3361
321
5837
5713
-2471
-9948
-7785
2580
8181
-1858
3674
-6791
3551
-2956
-8715
-272
-7875
-4251
-3120
-551
3059
7351
-6722
1093
-2077
-4899
9489
-9147
-5466
3804
-14
-5380
8591
-8551
-4028
9730
4466
685
2383
6165
-1985
6642
2573
1661
1597
-2843
-2498
-1029
2964
1116
-617
4155
9760
3476
3650
-7748
4623
8999
9819
6042
-4570
1822
2659
-8934
2851
-4269
-1824
-4834
-6865
-2532
8178
-71
-635
7660
-2141
8039
8457
5937
-7521
3122
8929
5360
6923
-5678
-7855
6084
-7803
-3781
4692
-9957
3207
3823
9132
1299
8959
3419
2847
2834
8132
4505
-7192
7049
-8137
4960
-3042
-5109
-5133
-5359
4401
-5160
8236
2460
-4061
-592
4817
2663
3393
-8683
483
6931
-1834
8813
2554
2292
-2064
8520
3937
-2408
-4348
3474
-4023
1225
-1531
2786
4116
4241
-2494
6287
-8631
5677
-8884
1669
-9074
-6911
2234
-2349
1724
720
-1919
6825
-2268
3978
-2622
-771
-2345
-8991
8110
4643
2336
8362
-8820
-8818
5403
6717
-3945
-3621
-5806
-1620
3735
9807
9694
-748
9639
-2458
-6616
-3969
2555
4701
8486
2518
4144
1460
7662
6784
5620
-7028
-4301
-1418
-3885
-1446
2627
-7313
-5666
-6527
4045
-6586
-3916
-5977
-9410
1292
-4622
-4260
2913
9314
-8824
-6729
8104
965
8805
1444
-608
-776
-848
-7429
-8054
-5441
6119
-7134
1281
5705
-5389
3741
3722
-2373
-2977
-4869
4250
1692
9199
6210
6398
-2569
9724
-3950
-2805
-3942
-8223
109
-9756
-7996
-6967
9478
-4267
-8109
-2873
-5187
-4302
5074
8749
-6514
-9882
-963
-6664
-1175
-4997
-2078
5727
1146
5679
5811
-2716
944
4785
-365
3289
-2010
-4243
2564
-2387
1584
-8959
4295
-3219
-6885
6355
-546
1485
7135
-7123
4604
1435
-4763
-9038
-3240
8244
-989
8432
3715
1478
-9302
-9879
4404
-6318
-5502
2667
8233
-7531
-6000
2753
2609
4887
-6586
2424
2258
-8929
-2503
-5762
8276
1035
-4578
-6924
2835
6751
9483
-3106
-7367
-1073
-4563
-9443
3543
-4946
-2537
2037
4002
359
5171
5394
7837
3573
4969
-354
9182
-365
-6814
7098
-6270
-5572
-4258
6771
-8332
3190
5398
5285
664
1040
-8403
-984
5713
-4755
-6256
2052
-689
4174
-2451
8510
4791
6273
-3104
4086
-5037
-4493
-8383
-7385
-9473
-8657
9609
6505
1792
8507
4791
5696
-4555
-3047
-4455
-3734
-2475
5526
528
-5588
4660
-3819
9687
3663
-3948
-8288
8923
3153
-3238
9634
-3837
9504
-5595
-4222
8641
1431
-4183
7805
4422
-1749
-1181
9853
-2804
1867
4768
7052
-5429
-5756
9934
-8745
8842
-1227
-260
1609
2394
5857
-7091
1087
-4239
4588
-4982
4008
-7994
-9032
9916
-4273
4661
-457
-3179
-7209
-2323
5083
-2633
-4078
9476
-8835
7873
-6734
6048
-4966
-7656
-4525
-9896
7151
-8469
-2427
1327
5308
3831
8822
-5477
2620
8670
-8530
-7980
-958
-7223
6178
6497
4957
7796
-9409
-9558
4113
256
-3884
7191
8796
-5114
-133
-8338
831
-1832
-9404
-9362
2778
2739
-9555
6054
5799
-2455
2191
-8505
1841
9913
-2919
-1694
-1535
-3648
3044
9324
-7315
3708
-4936
598
8646
4356
7157
9282
-984
-8573
-6584
-8155
8694
7104
7074
-8510
5104
1450
-736
-1349
-5295
-338
-6492
7516
-2050
6792
2802
9577
-346
893
2022
916
4053
-5175
849
1716
1756
-6935
2420
-3992
467
-2820
3676
-2174
-8509
7001
-4281
9106
4971
2353
-2957
-6074
-9207
7242
-5211
-103
-6155
9119
6108
-9186
7405
901
3747
-8546
6937
5953
6126
-4515
297
8985
5476
5096
101
9213
5818
8884
1776
-3319
-6538
9737
599
-6869
-7338
6719
-5679
-7899
-6267
-1231
-8401
2253
2969
-9555
-8662
-4915
-509
1028
7215
708
-8263
2865
7577
-6592
9362
-8583
-5393
-3945
4910
4914
3722
-6485
-8200
5892
-883
-2370
-8580
-1686
5789
-847
-2110
-6900
5025
9992
-1417
-3230
-7578
-3599
-4304
5853
6428
6841
8737
1746
8063
8085
-6173
8723
5399
-2575
-2660
-1958
-4593
9837
3181
5569
-1422
-8039
-9817
-8970
-8660
-8113
-2146
3911
6023
-3519
-8421
7474
7742
7076
-3647
-9265
981
1275
8790
-1498
7257
8616
6036
-9920
-2419
-1925
8762
796
-3614
9644
968
-1045
7013
9543
5146
-9888
4097
1296
-532
-8559
3755
-9713
-3792
-5131
-8560
8401
-4906
-4008
4295
8382
-2827
-7256
4681
-5989
6433
-510
-7615
8734
6978
-996
-9365
-738
-826
4096
5551
1335
-8956
-9493
-4159
-1258
3606
783
273
5139
-5884
4685
5820
-9396
522
9392
4163
-1052
-6624
-3006
-8038
-8538
-325
468
-9405
-9473
-9983
-5370
-350
2390
7582
-6377
4873
-6971
-5315
-5429
-1164
280
5278
3078
-9860
4575
-8303
-1661
-6046
-1703
-9741
8425
4782
7958
9515
-7982
9510
-991
7058
-2963
-8571
2432
8466
-5158
1458
-8052
5420
-5865
-9172
9845
-5703
3128
-4517
-5189
3978
2904
2223
8515
5093
-654
-7875
7041
-7177
-3815
6147
3772
6034
-6433
-9231
8054
-5585
-4026
4251
5418
8063
-8193
-4280
-2007
-6919
-6629
6891
8144
8321
-5674
4664
3536
-1317
-5447
-5502
2157
6780
4596
-762
3196
2966
2246
-319
-9137
1713
1599
-2434
-3944
6674
-8544
-7701
4982
7112
-2108
4021
2940
890
7373
-6058
-8718
2073
-3956
-3174
-2400
-1354
-2513
-5774
-3369
-9437
-110
-5748
-4747
5963
1726
-723
8934
-2698
7447
-7176
8295
5681
-7803
2087
3719
6040
-4098
5720
-2084
5260
-5882
3438
-2923
-3790
-3206
1750
-5513
-9674
6341
1709
-7175
2239
-3306
-5732
1725
-5944
7883
-1204
2938
-6088
9834
-5862
-379
-8834
-9203
5085
8617
2771
-1991
-5158
531
-5205
-7315
-771
-3969
-7535
7189
-5742
9846
7109
-3171
-6979
-1210
4575
7700
-6363
9023
-4870
4385
9972
8883
-151
-662
9072
-2928
9499
3498
3052
5633
-2312
-388
7102
-212
-7674
6524
7754
6027
-1032
-9893
-8769
-5767
-4871
-2117
-6443
-2319
3740
3078
7264
-1169
-5043
-2042
-8102
-7047
5950
4376
-5035
-923
5625
-5295
-5343
5491
-9652
4715
9526
27
6055
-5160
-7704
-9983
3399
6841
-9941
-7228
1200
602
-5568
-8354
-262
1005
5170
9705
3092
8525
6675
6079
-4995
6517
1783
-1833
1349
-6316
8745
-8593
-4024
-5427
9995
1505
5776
-8131
1490
976
-8825
4264
9495
7958
6392
4878
-5574
163
-9127
-8692
-9663
-61
-198
629
5868
9813
-116
-9383
-3629
-1758
-2186
3421
-885
-1152
-9929
3974
5108
4757
-3557
-6000
-149
2219
-1764
1467
-547
-965
1389
-7684
6006
9542
4859
889
-6929
9831
9709
1645
-9971
-1208
5891
1112
-4832
3710
3954
2814
-1536
5537
-1924
2672
8760
9454
8837
4452
6946
-8938
9332
3957
9090
-4775
1781
8296
-1750
-5661
4902
3069
3250
6451
5395
-2609
5781
8920
-7027
-6220
9050
8637
9038
9914
9013
2795
-8145
8558
-7063
-8845
-1094
2566
5189
1641
-346
-6067
-9437
-1601
2878
-2641
-3019
-7721
-5085
9491
7193
-9921
7903
-1738
1937
5773
-3097
-2919
-6578
5389
6573
7388
744
8323
-7120
507
-9319
1197
578
-1728
-47
2854
-7184
-9662
466
8267
-8370
-5560
-271
3986
-7894
5283
-6680
85
6927
2609
-6060
3415
4793
-7239
-7280
-4005
1320
-1074
-9908
-3418
-3249
4320
-8148
-1004
2878
5488
3848
-1116
-4282
2400
-2285
-2868
-3401
5508
-9864
-6611
8384
-9693
-5143
7357
5738
1304
-60
-7258
6109
4861
8688
-609
-9667
-6748
7909
955
-3674
-9417
812
3165
5637
4602
-9614
-2505
1609
-7028
-3189
7854
6954
-1369
192
3211
-7800
1143
5221
-4325
-4348
-4465
-272
-8475
6965
-9297
8872
-3278
-7813
4313
8630
8377
-7649
-4465
722
-3517
1912
-9868
-667
508
-5832
8491
-274
-4894
-2074
-207
9628
-4615
-1625
-8203
-2564
1641
-2565
-4695
2007
6689
-3860
-658
6769
-8469
-375
-880
-7078
-2289
-4053
2723
3781
1053
-3250
-4010
-8259
-5730
-3154
3033
-2331
-2414
-2981
4687
-514
-9334
-3038
913
4768
-7207
2614
6790
-6728
3598
9846
-8530
7705
-146
-1636
6635
-3225
-5842
5673
7510
6135
-4825
-6375
-7396
-691
-513
-1621
4128
-475
-8445
-8003
3315
2147
-2441
-2572
8380
1828
4129
-8563
9204
9715
-4350
-8317
1190
-4870
6220
2346
8837
-8615
-1208
8892
-2416
3975
-8101
1735
-1448
-3736
3933
-9402
-6881
6912
-7779
961
3701
4231
5054
1703
3734
-7287
-1168
8866
-7441
2107
6756
-2635
-4972
-2971
6638
9696
2734
-6650
-7815
989
-4329
9787
2806
9346
-1736
-3378
-6395
-3586
7000
6882
-6475
1921
-6794
-6793
-2283
6483
4594
-7577
-6608
-5727
3379
-322
-42
-4021
89
-2137
5475
6040
4956
3602
-9290
-7615
8484
3943
-4101
5799
-5687
3667
2222
-4508
3295
8083
6262
4273
8034
2254
1757
-5184
-1490
9040
-6584
-4295
9395
-9807
5217
1531
-9007
-1067
2452
862
-3545
4336
-9549
-9810
5254
-3485
-9692
-968
-2902
2285
1558
5187
9430
-5315
2161
-1496
-237
-5456
9569
2604
3159
-5103
5260
5027
-4408
-4397
-530
3880
-925
1768
5756
-4299
-4822
3941
-3045
8452
5876
5183
5208
1036
-3841
8356
5221
5481
-5431
-1916
-1644
-3222
2059
2695
3203
1173
1953
8252
-820
1640
-8350
1136
-133
5109
4641
-8287
-911
8550
4763
9508
-4313
5775
8211
-7875
4359
5351
4270
8818
8277
-7185
-8004
8359
8561
172
2174
3136
-6859
3589
1914
7560
4307
6700
-8588
3801
9646
7026
2402
-2464
3801
654
-9759
-3440
424
-2167
9827
9875
9024
-8023
8828
8229
1062
8338
4291
-2363
-2167
-7229
-7615
4882
-3616
-1063
-7568
5545
7658
-3316
-163
-3202
4259
-7460
-6560
-9111
-6869
-253
2578
7841
723
-6378
5023
-7403
-3656
-955
-7887
2975
-4960
3684
-472
2892
1643
-2587
5880
-8567
3625
3538
921
-5478
-2329
7772
1346
5369
-1459
8411
-4617
-9482
-5565
6265
7891
6586
-571
6871
2702
-9664
3231
-3474
1945
3329
-4409
-3918
6373
6394
-1393
5121
-3598
-6084
1415
7870
9246
3882
-3543
-9930
687
-4853
-3782
8091
-6573
-7438
-2560
-5643
-8866
-3620
6327
7614
5871
-6424
5798
-148
-9688
975
-9648
-6975
6451
-372
-1528
7407
-4885
8872
9990
-7587
384
1151
7219
3343
-3210
3695
7094
-4213
-1745
-1233
-8227
-2473
-7864
4161
8411
-2078
-5365
524
6774
-3827
1493
7059
-5854
-7879
-5988
4034
1875
8631
-1908
2229
1902
7029
3394
-9345
-1361
-9466
9104
9816
9722
7905
7206
-191
3820
-324
-5464
-2583
4938
5662
5063
-6168
-5302
-2770
4808
-6758
396
-3731
799
-5939
3187
7226
6853
1070
-1341
1014
-9576
5557
-3541
7429
7623
1393
8811
-6314
-7804
3610
-2172
490
6940
-468
5013
4510
-7191
2328
-4558
-2760
6590
9920
-5565
-254
-9557
5053
5922
-9671
8192
-9556
4265
5316
-9679
-85
139
-6941
9324
900
816
8544
7477
6989
9600
-4406
-1026
-7136
-3285
-9379
-335
6455
-4567
-2302
-6279
-628
-1194
-1516
5062
-551
-3154
8288
7908
5937
8046
9002
-3619
-5294
3583
-8598
4643
-5057
6035
-4803
-4083
-6061
-1919
-9342
-7577
-9920
-7762
-8969
-2842
5741
1531
2502
8721
6083
6067
-9175
-2136
9841
-4282
-5608
-5272
7478
-3227
-2144
-2479
7091
5905
-5492
-3483
4837
-4306
2913
3804
-8728
4465
7800
3919
1366
-4327
-859
-841
-6610
-6109
5161
4107
5875
-218
-2219
1525
-8642
5547
3333
-1183
-4664
4040
1930
699
6709
174
3245
8774
8217
-2152
4059
8611
-700
1498
2620
1489
3184
1889
-5607
-683
-4106
-5302
-3584
-362
-2113
-5219
4579
3118
6260
3290
3637
9017
-8187
-3193
6639
6837
7074
4638
8156
-5082
-3601
-4467
-6643
-7169
73
7860
111
2022
8375
7610
-1870
-8084
-5689
-7539
-6024
-422
7754
1750
-7182
-829
6279
-2355
-5964
-9048
-3797
1781
4063
9330
-3393
-6208
9677
6832
4413
2392
6265
-2928
9310
6650
-5278
-9147
3880
2190
-6925
-4108
-3049
-3430
9269
-9858
2016
6882
-6971
6271
8604
9962
-4354
84
-6836
9962
-3317
7268
-1943
-6235
5919
6772
4033
2211
-8397
3674
-4011
3657
2928
-9206
-4411
-9175
573
-2562
4382
4284
6958
950
354
3603
-6318
3292
-886
-9738
6120
5609
-9930
3802
-8290
-4533
-863
6755
-4684
-4323
-9805
6453
-5919
7577
-4004
-5720
379
-4871
7933
3475
-9437
-5480
8931
-6453
1082
5016
1010
2724
-2824
-8026
-861
-9799
-7336
-7809
-6173
1040
7695
4733
1821
-2361
5299
-7548
6920
8134
6172
-5899
-10000
5181
2321
9713
-1177
-2175
-9150
-2254
-5945
-8334
-8708
8358
-8965
5906
-1462
-8555
-2336
-9
6775
-6896
9841
-8007
-8202
7200
-4536
7465
-9026
4445
-2957
-9607
-6330
1743
4115
9850
8201
-9299
-1443
-7907
4625
-7940
8343
-3410
-6852
-6503
-4779
-7762
-6828
1664
-293
5266
-3120
-9003
4052
8541
-9348
-1376
-6855
-7855
852
-2517
-7464
7481
903
3277
-9566
-3341
-7665
5969
-6849
-168
-10000
9430
-7791
-6956
1366
-973
6209
-2769
6547
4917
9380
-4190
14
-9797
3026
9812
-9236
3988
5782
-2542
7364
-7266
-5992
-650
-1080
-8819
-4941
-5327
8523
-513
-8412
1253
-8534
-8312
2349
1801
7853
-6544
703
3935
-4345
-5400
9520
-7169
6860
-9458
1054
757
3199
-4167
9258
-2347
5439
4861
4680
-1895
3540
9919
-990
-9360
6151
9048
-7735
5664
3763
-6733
-8639
8175
-1047
7040
8025
-2146
9594
6838
-8078
9300
75
3038
9254
4091
-9454
-700
7463
-381
-8730
-695
46
-1131
-381
-3799
4916
6881
2779
-518
-6405
-7454
-6383
170
4586
3564
-9857
7164
2630
-472
-6968
-7820
7238
-4021
-892
-8895
4868
-1429
7131
-9798
1663
-7632
1087
-2625
9877
9551
-9089
5519
1803
5153
-2792
-9309
9525
1619
1127
-1335
-6012
-8996
2659
-903
8811
-1994
-6135
-8453
9114
-6898
-6128
831
9901
-5397
206
-2245
-5418
-3305
966
1665
-5391
-2738
5373
-3372
8363
-1567
330
-9656
-872
-4461
-4119
8086
1418
-3568
-9124
7990
612
2032
5759
-1885
-6152
-9200
3250
5849
-9683
6065
9206
-3390
182
-8111
-8100
6964
6621
-9308
9793
-4161
120
-6345
-5978
-1641
4600
1642
-7048
-2865
3975
4896
-5536
-9222
-8143
-4518
7302
1621
9907
-8372
-9524
9716
-3861
-4903
3947
3817
4514
-8689
7333
-9415
-3348
-824
-5236
-9957
-9753
-1960
6796
3892
-976
5061
1545
2797
-7140
5938
-9849
-1116
7646
-2208
3816
8009
5033
-8475
-4398
-4078
-1852
-3501
-4912
-1353
8064
-4580
5699
3715
-7861
-6272
-6109
-8486
-1028
8956
53
3570
8642
-4908
-2746
7775
7125
-3802
-3575
-1156
4736
7983
-3795
6907
-868
3388
-5672
1978
-8026
-3145
9384
2720
-550
-4770
4825
-6799
3882
5481
-1944
5381
8131
5615
-1813
-551
4131
4402
-5425
4927
-9824
-2416
2015
-6186
56
-8856
5265
-5569
-746
-18
-9559
-5379
-3176
-3136
7446
-8471
-8189
7741
-1346
9515
-6540
9118
-4120
-5284
7487
7849
-285
-9659
-2710
6766
-3818
-9538
-7511
-9259
5841
1390
9871
-4381
4420
9057
-3302
3466
238
9594
4305
3954
-239
-7499
5087
-6970
-6036
-786
1830
2195
-3319
-5932
-9617
-2966
-9600
-4979
-9720
4599
-1302
-7969
-8380
-7748
-2692
-6111
2325
-1058
-1091
-2133
8295
2846
4564
5380
-8595
-697
-5413
4926
-1503
-4501
4221
-6708
-2649
5831
2837
-834
-2569
-5752
571
2793
1378
-9960
1960
1375
-4495
-3721
-1550
-349
5490
-7626
9347
7617
-9818
6031
1605
-4646
-2981
1716
8539
-8903
-5826
-4498
-2452
-808
1097
1904
2389
9647
-5166
-1799
-5590
1501
8671
-9727
-2138
7914
-618
-5604
-3865
1518
1846
-6896
-7481
128
-990
-6529
1652
-2427
-2761
-3349
-9812
1180
-226
-7692
-6788
281
-2393
4471
5043
6096
-4907
-8768
9442
9772
9292
-1769
-9375
-5421
5281
-2970
9706
-9421
9248
3703
-8323
8772
-59
3335
712
9867
-5731
2122
3543
8172
4491
6226
6861
9116
7555
429
-1894
-482
8130
4644
-3391
185
616
2523
-764
-522
2827
521
3364
5028
8309
-240
-5320
-9733
-5307
-5298
460
-7749
2053
-2534
-7658
-9669
5404
7880
2747
2448
4617
8985
-4487
6891
-5820
-3192
8332
5780
-5154
5241
-1385
3246
-849
1924
-5012
-155
-5566
224
3290
6871
-7463
-1319
1358
-4139
9019
-8636
-541
-6989
9344
10
-570
4207
-6661
-2041
3046
6756
2512
4278
1414
6743
4040
-3286
-7080
458
-5826
-9289
2953
6158
1699
7890
203
-4920
2375
39
-5287
4189
813
3641
2257
-1694
-5647
-3445
-234
1844
5939
-6855
-7941
7041
4597
-9616
-2014
-85
-9645
1579
4423
-1947
8629
-5885
-1554
4878
-7870
5684
7613
-5206
5247
185
9126
-4439
2261
-924
4775
-8905
9904
6888
4835
-9913
-8104
4840
2943
1153
-523
7678
7239
-1603
9003
634
-7753
-9414
-7563
7351
-3667
-4595
5186
691
4591
-5989
3043
6206
-3229
5567
-2200
-5763
8076
-6444
4673
-4434
-1650
-3683
674
-426
-3442
-5568
1832
5460
9280
-3924
4459
3046
1656
-9492
3745
-4852
-9897
7928
-162
7898
4315
-930
8973
-2002
2701
3219
-2275
-566
5794
5788
2700
8393
5866
-8823
-3921
-2612
9581
-671
-7944
-1428
6971
5336
-8199
-8284
-8250
-2883
4697
4878
161
5998
5094
3803
-1538
430
-7412
970
-3955
6502
1999
-264
5457
5830
-2798
6543
-3823
4146
9698
-3484
-1628
-940
-3022
2753
5213
8706
102
-9141
3379
-8566
-8921
-5959
-4797
7057
3451
-8899
-313
-9877
-148
-3544
-6129
5896
6985
-4881
-2517
-1845
8378
4306
-43
-7058
-6187
1486
598
-4788
-763
-8324
-2650
-1471
-3898
-3741
-124
-174
4338
-5033
-419
-9227
-536
-240
-2717
3548
-6047
-5295
9818
-9251
-4828
7445
-4226
2430
7118
-4617
-8769
8651
1915
9499
-1243
-1846
-5656
4543
2940
-1004
-5980
-8564
4889
2595
-8816
-3299
-5041
-4375
5128
283
4607
6251
-5149
1772
2024
357
-5708
-8958
-712
1130
-8947
-6874
5872
7976
1378
-3523
9759
361
-5862
-3049
4603
9713
1456
338
-1338
9605
1260
-7359
-1941
-8068
-2371
-5314
3814
-9734
292
-6354
9011
2205
-4637
-8062
2580
4385
4844
3390
1313
-377
-101
-5180
5153
-4272
122
7679
6001
1781
5244
-9504
-5409
-7753
4423
8841
704
-1936
-9269
-4544
-4935
2946
4570
3851
-190
-4836
-2945
-4981
1997
-2618
2392
-580
5586
-5028
8115
2524
-8134
-123
4661
-9097
-8168
2341
855
2727
-9817
-9706
-7318
9535
9224
5752
-5170
3621
994
4306
-6865
-1292
6832
8250
-7319
3595
3543
-413
-3406
8350
-8799
-8454
3547
9126
-7200
-5906
6817
6077
3573
2040
-4230
2943
-6191
-1868
4915
-2380
-901
1772
1279
-3515
6434
796
1699
2673
2479
-1175
5626
6048
9739
3718
6372
-820
-256
-3708
9923
5089
2234
1644
6219
4576
6377
3899
4290
-987
9538
-9925
7905
9385
-7661
8422
-9013
7146
-9612
-1731
282
-1148
9301
9537
9662
-3573
-6326
7663
6213
-2063
-6930
5446
-4644
2177
-8367
-7405
-5496
-3564
-8421
-1420
4616
4112
1684
9691
1639
2903
8820
-6318
818
9259
-4528
2316
369
-7235
-3324
4036
-8734
-4924
8235
1434
244
-7946
-6719
-5013
-5822
7284
7674
-3658
-2500
-2942
-5621
5630
-2131
-9277
-3346
5048
2976
7149
-8192
9898
-6034
-5902
2545
5988
-5220
2097
3002
4373
-1550
304
7302
-5208
-8834
5135
-3022
2486
3086
9952
194
9708
-2956
2585
-7871
-2219
2024
-7459
5580
9125
6454
-2780
-9862
348
7363
-3561
1891
5497
9694
-2179
6675
558
2486
-6026
-8676
3009
-4462
-7877
-1130
5378
-6942
-3134
-1478
5559
-4380
-3734
4063
9829
2176
2999
3488
366
2804
-554
152
899
-2415
2795
5630
-4614
-6898
2243
-3478
-9472
3943
436
-4640
-2713
3135
-1497
7981
-9475
-5411
-2326
2541
7271
3417
-4167
-3723
8055
-3438
-6094
3538
1754
9052
7174
4111
5014
-5542
-7479
-1054
2201
3810
3060
9
-6500
7756
3788
-3399
-9818
-3808
-5896
957
-5520
-4115
-4144
550
-5050
-4845
5194
-8971
3721
9365
-8698
2593
-8256
-3130
340
-7767
-4850
-8433
-286
-2097
-810
7233
849
8989
-5109
5480
-7470
4099
7252
-322
-8375
-648
-2285
-5603
-205
-6614
-2410
9366
3018
-3021
-6830
5900
4588
506
4873
3138
6368
5162
-2275
-6707
-5915
-2942
1524
7867
8678
2892
-8001
-2177
-3087
-1942
-9715
9784
-4020
-3706
-1268
-3099
-5712
-2021
-8269
4603
4436
-7276
1515
-6677
3446
-1211
9866
-4862
1500
-9501
-9817
-2267
-2557
5829
-523
3337
-8345
1736
7124
8394
7694
4953
7852
-2815
-1972
-1404
-8987
6905
-9148
3772
4743
6145
3133
306
-7774
-7615
-575
-6600
8565
-5058
5348
-9760
-346
-7524
6464
4539
-2877
5948
1777
8536
2723
1449
7927
6947
9980
3204
9235
-2583
6423
6465
-7819
-8621
4137
-9655
9375
9800
4002
258
8158
5669
-5636
4730
8845
3830
4828
7505
3163
4897
-4659
8312
-6109
3963
-350
4344
-9262
-8486
-9305
-4949
-7527
8063
2167
-4769
7002
9578
-3364
-3049
-7950
-7186
-9410
-255
3364
-8018
2853
-6979
9550
92
9304
2950
4228
7821
5097
4313
7377
2470
3450
4386
-4910
-2070
7928
-2852
1889
-8263
5808
9683
9248
3995
-5870
1513
3796
-6707
-1685
-6106
3955
3200
-1157
4619
-9681
130
-597
-8920
5570
4115
-1392
-9644
5007
4457
-6588
-72
-1775
-5051
7394
-7239
4711
-5419
4307
-5834
-3452
-1800
9296
7023
-9353
7481
-3828
4055
-4245
661
8433
6143
3002
-6340
2260
2482
3231
-5781
-9977
4347
7924
3828
6028
7440
5224
1001
-2155
-9564
6891
866
9950
7363
7390
6501
5501
2199
-7716
-5599
-2922
-9588
7952
763
-9866
-8422
-1964
-8064
-8133
-4526
-3431
1671
4172
8841
-5518
-9886
6035
-8529
-2249
4753
-4526
5193
6773
-9412
4452
-5480
-4265
-9097
-9422
805
-1165
5621
6309
2235
9877
6162
6621
-7807
584
-1563
2100
-7392
3830
-2553
-8294
-1339
455
195
-886
1065
732
-4073
5460
-7091
-1970
-9660
2831
-8625
-9825
-6475
-2175
7325
-9002
-6748
-3204
3743
-8818
-2041
-9121
7184
8653
2157
-4557
-6355
-8827
3927
5500
-6575
1511
8201
9768
-7647
2523
8931
7488
-6775
-4280
6126
3069
-1696
1210
2440
95
-8776
8577
4753
8926
-9395
-2956
3070
-3720
3718
-3382
3311
758
4396
-6038
-553
6935
-1603
1149
1653
-1947
-6785
6083
-291
-6328
-6267
8416
6683
5569
-6849
9490
7554
-7623
-2243
-3228
-8401
-4517
6120
453
1059
-7373
1895
-1235
-2544
5855
5607
-1777
6317
3322
753
-1437
-8456
-2849
3672
8425
18
4959
-1460
-3291
-7004
-2251
4201
-3657
7821
6635
-6706
-808
8200
-8133
8041
9456
-3694
-9006
-2288
1241
483
-8028
-1800
7100
9069
8211
-6240
7277
6101
595
-5753
1808
-2253
-3988
-1939
1769
-5417
5185
-5462
8413
-1151
-790
6995
1194
-2424
9285
5532
7120
-4677
-302
9869
-5180
5141
-9643
-8476
9032
8661
-1729
-8230
184
9516
6239
8186
3768
-4268
-6774
-2088
-4755
-2083
7934
-4692
2537
-2000
-2938
-4403
-881
-1683
-9448
-6501
-7067
-8402
-5324
7244
-9313
-99
3570
9801
7894
-7973
-1376
8028
2012
5586
-7107
-1780
4342
5887
-9403
-7710
-2899
688
2818
8952
1280
2033
-1633
-8800
-1687
-7966
-6073
9250
-1095
-6986
7019
4702
-3313
-4102
-7299
8902
662
2513
-5884
-1326
4786
-786
-6395
-6940
9367
-6043
9533
94
4350
8926
-9233
7131
-2157
9393
-3537
-6758
9615
-1689
4298
-325
-1670
-4218
-6505
9425
-5860
8598
4523
-6276
1704
5714
-9381
-6431
-8862
-7456
-3611
-6865
5053
-7168
7079
-7328
5874
-2619
-1849
-7151
-4468
-4698
5389
403
5540
-6972
-5985
-2171
-1525
-9762
-1452
-4823
89
-249
7844
8212
9453
-8102
6212
-3175
5349
-3805
-842
-8776
6345
-2373
3095
-2448
4915
-3605
-8182
8757
4925
-1956
8372
2629
-4514
-6440
6822
7766
-9384
3373
3124
-7998
4389
7014
5320
-6873
-8659
-7323
5372
-390
-9611
-8010
4318
9071
-2020
-8311
-2004
-9193
-5884
-8622
-3802
2234
-5199
-4536
-7269
1832
9656
-9075
-1022
6800
-8813
-7638
-8881
9630
2794
247
5315
-5695
3932
2742
-5429
-4125
4385
-7784
-2345
8481
-8938
8872
-5800
2515
5528
-5707
9718
6126
1577
-8822
3696
838
7170
-2397
-63
1461
-4466
322
3242
2961
-4159
818
6859
-2757
6578
6278
-4301
6435
-629
-8253
-8041
9580
5538
-6503
-8057
6435
4720
-5821
-5042
-5205
-3449
8988
-4381
5979
8111
9463
-8715
-2262
2752
8783
4519
5047
8584
2019
-7927
-2031
5455
-9720
-2166
-5586
-7886
-9708
4770
-4629
1812
7085
2649
1808
-4973
8451
-1327
2926
-9442
3405
1276
-6847
-5191
5518
608
6474
7450
-2453
4690
5405
-7415
-6631
-7700
4466
-1149
-8923
1528
8714
3405
8670
-54
5249
6822
7249
-6671
-3051
4575
-4916
-1084
-4924
-9134
3091
6830
-4339
-8112
-274
-6347
-145
-8809
-6063
-7828
4290
5317
6333
522
7866
1715
-907
2328
1769
4279
-5211
2251
-8657
-4540
317
1136
5846
3178
-907
-4509
8601
-1167
8987
-480
-845
-8534
2410
3096
8583
7823
4998
-7789
-8718
-6032
-1876
-3802
5518
-1131
1680
9381
2420
-7548
8537
7373
-7829
-5576
-8038
-2429
-7636
-5720
-1746
1451
9386
-1323
2348
-9201
5793
-3898
9325
-3881
-1507
7739
-1936
-2612
8103
-3448
5850
670
5927
-950
-9861
-3829
5756
-352
-6753
-7125
3655
757
3023
-8913
-4987
9664
1270
4318
9259
-2454
652
-3975
-217
-6296
-8365
5713
-4090
-4182
-9726
-3033
5062
6885
-5518
-8708
6148
3192
-5410
-4061
3848
-2716
-5246
-618
-9257
2484
1979
-8829
-9866
-9117
-8658
-4112
2301
7524
6775
-3996
-888
9526
-3741
-7892
-7718
8089
-8829
1970
4303
5921
671
4560
8158
-7284
4145
-9506
3851
-5860
-6708
-5850
341
-8067
-8752
973
-9628
9167
5637
3980
1539
5300
2122
6243
1774
-6412
-7346
2892
2572
326
-3363
-8183
2592
-777
8582
169
4229
-8440
-2002
-4855
9876
5961
6912
-4024
7072
-7527
6362
5603
-8620
-7950
5767
4091
7625
7191
5156
8412
3590
-4531
-9825
-8133
-736
-6931
8850
-3038
-7502
1102
-107
8214
3496
-9393
1362
7103
9981
-3786
-5061
-9574
8879
7875
-8239
6745
-2790
-9420
-7224
6305
-3850
8728
2223
3013
-8566
4872
-8634
-9909
-486
-4449
5796
-4003
-7405
-1957
-9588
1369
-7231
-5117
18
-6002
-7127
-8901
2391
8293
8493
-9514
8367
-7110
6835
-3298
6463
-1055
-7231
-5230
5909
4577
8190
2113
857
6507
7763
-7657
8073
